287.0 236.0
287.0 236.0
287.0 240.99999999999997
288.0 246.99999999999997
291.0 251.0
293.0 255.00000000000003
296.0 260.0
299.0 263.99999999999994
302.0 266.99999999999994
304.0 270.0
307.0 273.0
310.0 275.0
313.0 276.0
316.0 277.0
319.0 279.0
321.0 280.0
324.0 281.0
327.0 282.0
330.0 283.0
332.0 283.0
336.0 283.0
340.0 283.0
344.0 283.0
348.0 283.0
352.0 283.0
357.0 282.0
361.0 282.0
365.0 281.0
369.0 280.0
374.0 279.0
379.0 278.0
386.0 275.0
392.0 273.0
398.0 271.0
403.0 269.0
407.0 268.0
411.00000000000006 266.99999999999994
413.99999999999994 266.0
418.0 263.99999999999994
423.00000000000006 262.0
428.0 260.0
434.99999999999994 257.0
441.0 255.00000000000003
446.0 252.99999999999997
453.0 251.0
457.0 249.99999999999997
462.0 249.00000000000003
468.0 248.0
476.0 246.00000000000003
482.0 245.0
488.99999999999994 245.0
499.0 245.0
507.0 245.0
515.0 245.0
522.0 246.00000000000003
528.0 248.0
533.0 252.00000000000003
539.0 257.0
543.0 261.00000000000006
547.0 266.0
552.0 273.0
557.0 278.0
561.0 286.0
564.0 293.0
567.0 299.0
569.0 306.0
571.0 311.0
572.0 317.0
573.0 323.0
575.0 326.99999999999994
575.0 332.0
575.0 336.00000000000006
574.0 341.0
574.0 346.0
572.0 351.0
570.0 355.99999999999994
567.0 361.99999999999994
563.0 369.0
558.0 375.0
552.0 382.0
545.0 390.0
536.0 395.99999999999994
529.0 401.0
520.0 406.00000000000006
509.99999999999994 410.0
500.0 413.0
488.0 416.0
475.0 418.99999999999994
462.0 421.0
448.00000000000006 423.00000000000006
438.99999999999994 424.0
434.0 424.0
430.0 424.0
428.0 424.0
426.99999999999994 424.0
239.0 95.0
240.0 99.00000000000003
240.0 105.99999999999999
242.0 114.99999999999999
246.0 125.00000000000003
249.00000000000003 133.0
254.0 142.00000000000003
260.0 148.99999999999997
266.0 156.0
274.0 162.0
282.0 165.99999999999997
291.0 168.99999999999997
301.0 171.99999999999997
315.0 173.0
326.0 174.00000000000003
342.0 173.0
359.0 171.00000000000003
380.0 165.99999999999997
398.0 159.0
408.0 154.99999999999997
417.0 150.0
424.0 145.00000000000003
432.0 139.0
438.99999999999994 131.99999999999997
446.0 124.0
455.0 113.00000000000001
461.00000000000006 102.00000000000003
467.0 90.00000000000001
471.0 82.99999999999999
474.0 78.0
476.99999999999994 75.0
476.99999999999994 73.00000000000001
478.0 72.0
478.0 70.99999999999997
478.0 67.99999999999997
478.0 65.99999999999999
476.0 62.999999999999986
476.0 61.00000000000001
475.0 59.999999999999986
473.00000000000006 58.00000000000001
471.0 58.00000000000001
468.0 56.00000000000003
463.99999999999994 55.00000000000001
461.00000000000006 55.00000000000001
458.0 53.99999999999998
454.0 53.00000000000003
449.0 52.0
443.0 52.0
436.00000000000006 52.0
429.0 52.0
419.00000000000006 52.0
411.00000000000006 52.0
401.99999999999994 52.0
393.0 52.0
386.0 52.0
379.0 52.0
374.0 52.0
370.0 53.00000000000003
366.0 53.00000000000003
361.0 53.00000000000003
357.0 53.99999999999998
352.0 53.99999999999998
346.0 55.00000000000001
340.0 56.00000000000003
337.0 56.00000000000003
334.0 56.00000000000003
332.0 56.00000000000003
329.0 56.00000000000003
325.0 56.00000000000003
320.0 56.00000000000003
317.0 56.00000000000003
314.0 56.00000000000003
312.0 55.00000000000001
311.0 55.00000000000001
310.0 55.00000000000001
308.0 55.00000000000001
307.0 55.00000000000001
304.0 55.00000000000001
302.0 55.00000000000001
299.0 55.00000000000001
298.0 56.00000000000003
297.0 56.00000000000003
261.0 101.0
261.0 102.00000000000003
261.0 102.99999999999999
261.0 104.0
261.0 105.00000000000003
261.0 107.0
261.0 108.00000000000003
261.0 108.99999999999999
262.0 110.00000000000001
263.0 110.00000000000001
264.0 111.00000000000003
265.0 111.99999999999999
266.0 113.00000000000001
268.0 113.99999999999997
270.0 114.99999999999999
272.0 116.00000000000001
273.0 118.0
274.0 118.0
276.0 119.00000000000001
277.0 119.99999999999997
278.0 122.00000000000001
280.0 122.00000000000001
282.0 122.99999999999997
284.0 124.0
286.0 125.00000000000003
288.0 125.99999999999997
290.0 127.0
292.0 128.00000000000003
295.0 128.00000000000003
298.0 128.99999999999997
301.0 128.99999999999997
305.0 131.00000000000003
308.0 131.00000000000003
312.0 131.99999999999997
316.0 131.99999999999997
319.0 133.0
323.0 133.0
326.0 133.0
330.0 133.0
332.0 134.00000000000003
336.0 134.00000000000003
339.0 134.00000000000003
341.0 134.00000000000003
343.0 134.00000000000003
346.0 134.00000000000003
348.0 134.00000000000003
350.0 134.00000000000003
352.0 134.00000000000003
355.0 133.0
358.0 133.0
361.0 131.99999999999997
364.0 130.0
367.0 128.99999999999997
369.0 128.99999999999997
372.0 128.00000000000003
374.0 127.0
376.0 125.99999999999997
378.0 125.99999999999997
380.0 125.00000000000003
383.0 124.0
386.0 122.99999999999997
389.0 122.00000000000001
392.0 121.0
393.0 119.99999999999997
396.0 119.00000000000001
397.0 119.00000000000001
399.0 118.0
400.0 116.99999999999997
401.99999999999994 116.99999999999997
404.0 116.00000000000001
405.0 114.99999999999999
407.0 114.99999999999999
408.0 113.00000000000001
409.99999999999994 111.99999999999999
412.0 111.00000000000003
413.0 110.00000000000001
416.0 108.99999999999999
418.0 108.00000000000003
420.0 107.0
421.0 105.00000000000003
424.0 104.0
425.0 102.99999999999999
426.0 102.00000000000003
428.0 101.0
429.0 101.0
429.0 99.99999999999997
430.0 98.0
430.99999999999994 96.99999999999997
432.0 95.0
432.0 93.99999999999997
433.0 92.0
433.0 90.00000000000001
433.0 88.99999999999999
433.0 87.00000000000001
432.0 85.99999999999999
430.99999999999994 85.00000000000003
430.0 84.00000000000001
429.0 82.99999999999999
426.0 81.0
423.00000000000006 79.99999999999999
421.0 78.0
418.0 76.99999999999999
413.99999999999994 76.00000000000003
411.00000000000006 75.0
409.0 75.0
407.0 73.99999999999997
405.0 73.99999999999997
401.99999999999994 73.99999999999997
400.0 73.99999999999997
397.0 73.99999999999997
394.0 73.00000000000001
390.0 73.00000000000001
388.0 73.00000000000001
385.0 73.00000000000001
381.0 73.00000000000001
376.0 73.00000000000001
372.0 73.99999999999997
367.0 73.99999999999997
363.0 75.0
359.0 75.0
354.0 76.00000000000003
351.0 76.99999999999999
346.0 76.99999999999999
342.0 78.0
336.0 79.99999999999999
331.0 81.0
326.0 82.99999999999999
321.0 84.00000000000001
316.0 85.99999999999999
311.0 87.00000000000001
307.0 87.99999999999997
303.0 88.99999999999999
300.0 90.00000000000001
296.0 90.99999999999997
293.0 92.0
289.0 93.00000000000001
286.0 93.99999999999997
283.0 95.0
281.0 95.0
279.0 95.0
278.0 96.00000000000001
276.0 96.00000000000001
275.0 96.00000000000001
274.0 96.99999999999997
